310113198504103916,53963016,6671,guo,chepaiguo1,5,0
310112198110013049,54116428,1760,qc03,chepaiguo2,3,0
310227196512281610,54158319,7688,qc02,chepaiguo3,5,0
31022719700311048x,54270853,8308,rd04,chepaiguo4,8,0
370612198405063033,54019768,2779,pi01,chepaiguo5,9,0
310107198708305731,54004034,7133,fe01,chepaiguo6,4,0
000000000000000001,54256709,2035,mc09,chepaiguo7,10,0
310102198410102867,54120973,1278,mc01,chepaiguo8,8,0
430104198108124310,54375335,1322,mc03,chepaiguo9,5,0
372526198103055331,54372598,8281,qc01,chepaiguo10,4,0
310115197911012534,54059518,6356,rd02,chepaiguo11,9,0
310225199212265628,54330904,4576,fe04,chepaiguo12,8,0
31011519901119196X,54190981,5000,fe16,chepaiguo13,8,0
310115198104196319,54341386,3547,rd06,chepaiguo14,8,0
310113197401122714,54350724,1333,fe08,chepaiguo15,8,0
310229197505120023,54275054,1627,fe06,chepaiguo16,3,0
310114198101311020,54146389,2022,fe15,chepaiguo17,5,0
310222197608052225,53942891,2407,rd03,chepaiguo18,8,0
310225198808291267,54023872,8919,fe18,chepaiguo19,4,0
310225198801210436,54007116,1640,mc02-fe07-fe12,chepaiguo20,4,0
