310113198504103916,53963016,6671,guo,chepaiguo1,9,0
310225198808291267,54023872,8919,rd04,chepaiguo2,2,0
310112198110013049,54116428,1760,fe06,chepaiguo3,6,0
310227196512281610,54158319,7688,pi01,chepaiguo4,1,0
310112198807114341,54276140,4336,fe12,chepaiguo5,2,0
370612198405063033,54019768,2779,rd07,chepaiguo6,3,0
310107198708305731,54004034,7133,fe09,chepaiguo7,3,0
000000000000000001,54256709,2035,fe07,chepaiguo8,8,0
310102198410102867,54120973,1278,mc01,chepaiguo9,3,0
320626196901150814,53995270,6345,fe08,chepaiguo10,8,0
430104198108124310,53936747,4307,qc01-fe04,chepaiguo11,2,0
320682198610069127,54021993,2979,qc02,chepaiguo12,2,0
372526198103055331,53914058,2265,qc04-mc09,chepaiguo13,3,0
310115197911012534,54059518,6356,fe16,chepaiguo14,7,0
420300196904122054,53841344,4721,rd05,chepaiguo15,9,0
310229197505120023,54275054,1627,mc08,chepaiguo16,3,0
310114198101311020,54146389,2022,rd06,chepaiguo17,2,0
310108197207154412,53890115,9110,fe17,chepaiguo18,1,0
310222197608052225,53942891,2407,fe15,chepaiguo19,7,0