31011519901119196X,54636462,1008,fe15,chepaiguo2,10,0
310115198104196319,54341386,3547,mc09,chepaiguo3,3,0
310113198511022719,54283117,1162,qc02,chepaiguo4,9,1
310225198808291267,54437653,8651,rd03,chepaiguo5,9,3
310102198311254452,54413215,2292,fe16,chepaiguo6,4,0
310227198103274427,54249593,1847,rd05,chepaiguo7,10,0
310221196311226051,54226838,1350,fe04,chepaiguo8,3,1
420222197804300447,54414950,1078,mc01,chepaiguo9,3,1
310109198406041059,54667927,1921,rd06,chepaiguo11,7,0
310221195802254415,54526461,3075,fe01,chepaiguo12,10,0
310115198112276415,54305643,1469,rd04,chepaiguo14,10,0
310114198009020626,54381276,7593,mc02,chepaiguo15,6,0