310113198504103916,53963016,6671,guo,chepaiguo1,5,0
310112198110013049,54116428,1760,fe03,chepaiguo2,3,0
310227196512281610,54158319,7688,fe15,chepaiguo3,5,0
31022719700311048x,54270853,8308,fe16,chepaiguo4,8,0
370612198405063033,54019768,2779,fe09,chepaiguo5,9,0
310107198708305731,54004034,7133,mc01,chepaiguo6,4,0
000000000000000001,54256709,2035,mc16,chepaiguo7,10,0
310102198410102867,54120973,1278,fe04,chepaiguo8,8,0
430104198108124310,53936747,4307,mc08,chepaiguo9,5,0
372526198103055331,53914058,2265,pi01,chepaiguo10,4,0
310115197911012534,54059518,6356,fe17,chepaiguo11,9,0
310229197505120023,54275054,1627,rd03,chepaiguo12,3,0
310114198101311020,54146389,2022,rd04,chepaiguo13,5,0
310108197207154412,53890115,9110,rd05,chepaiguo14,8,0
310222197608052225,53942891,2407,rd06,chepaiguo15,9,0
310229199405203023,54273772,5413,rd07,chepaiguo16,10,0
310225198808291267,54023872,8919,mc03,chepaiguo17,4,0
310225198801210436,54007116,1640,qc01-qc02,chepaiguo18,8,0