310113198504103916,53963016,6671,guo,chepaiguo1,6,0
310225198808291267,54023872,8919,guo,chepaiguo2,7,0
310112198110013049,54116428,1760,guo,chepaiguo3,20,0
31022719700311048X,53720361,9291,guo,chepaiguo4,4,0
310112198807114341,53846215,8388,guo,chepaiguo5,11,0
370612198405063033,54019768,2779,guo,chepaiguo6,1,0
310107198708305731,54004034,7133,guo,chepaiguo7,13,0
31010319880117606X,53793028,9372,guo,chepaiguo8,14,0
310225198801210436,54007116,1640,guo,chepaiguo9,18,0
000000000000000001,53726400,6605,guo,chepaiguo10,19,0
320626196901150814,53995270,6345,guo,chepaiguo11,9,0
430104198108124310,53936747,4307,guo,chepaiguo12,10,0
420300196904122054,53841344,4721,guo,chepaiguo13,17,0
310229197505120023,53831901,7100,guo,chepaiguo14,3,0
522101196702217638,53833982,4058,guo,chepaiguo15,15,0
320682198610069127,54021993,2979,guo,chepaiguo16,16,0
310102199008211657,53998668,9880,guo,chepaiguo17,20,0
360211196211013717,53936640,4297,guo,chepaiguo18,12,0
360402197810284577,53831615,3845,guo,chepaiguo19,5,0
310221197212114024,54058189,9466,guo,chepaiguo20,2,0
372526198103055331,53914058,2265,guo,chepaiguo21,8,0