310113198504103916,53963016,6671,guo,chepaiguo1,5,0
310225198808291267,54023872,8919,qc02,chepaiguo2,7,0
310225198801210436,54007116,1640,rd04,chepaiguo3,9,0
31022719700311048X,53720361,9291,fe08,chepaiguo4,5,0
310112198807114341,53846215,8388,rd06,chepaiguo5,2,0
370612198405063033,54019768,2779,fe09,chepaiguo6,7,0
310107198708305731,54004034,7133,fe03,chepaiguo7,3,0
31010319880117606X,53793028,9372,pi01,chepaiguo8,7,1
310230196009172116,53832650,7167,fe01,chepaiguo9,5,0
000000000000000001,53726400,6605,fe05,chepaiguo10,10,0
320626196901150814,53995270,6345,fe12,chepaiguo11,3,0
430104198108124310,53936747,4307,fe15,chepaiguo12,8,0
420300196904122054,53841344,4721,fe16,chepaiguo13,8,1
310229197505120023,53831901,7100,fe17,chepaiguo14,6,0
522101196702217638,53833982,4058,fe18,chepaiguo15,4,1
320682198610069127,54021993,2979,mc06,chepaiguo16,1,0
360203198312281058,54032119,3890,fe07-mc08-mc09,chepaiguo17,1,0
360211196211013717,53936640,4297,qc01-mc02-mc03-mc04,chepaiguo18,4,0
360402197810284577,53831615,3845,rd05,chepaiguo19,6,1
310221197212114024,54058189,9466,mc01,chepaiguo20,10,0