31011319930703272X,55170117,2336,qc05,chepaiguo1 ,1 ,0 ,0 ,0
433101198408111013,55017045,1777,fe04,chepaiguo2 ,1 ,0 ,1 ,1
310113198303313431,55081777,3196,qc01,chepaiguo3 ,18,1 ,2 ,0
31011019821208518X,55002539,2092,fe07,chepaiguo4 ,18,1 ,2 ,3
310108199309050541,54925493,1262,mc09,chepaiguo5 ,1 ,0 ,0 ,0
310230199006044155,54934828,4637,fe09,chepaiguo6 ,1 ,0 ,0 ,0
310222197503031612,54951396,1707,mc10,chepaiguo7 ,1 ,0 ,0 ,0
310230198803080867,54986113,6521,rd04,chepaiguo8 ,1 ,0 ,0 ,0
512534196804210063,54955645,1942,pi03,chepaiguo9 ,1 ,0 ,0 ,0
362301199308200015,54901638,1032,mc02,chepaiguo10,1 ,0 ,0 ,0
310113197611212726,54848402,1495,fe12,chepaiguo11,1 ,0 ,0 ,0
310106199210192854,55066304,1312,qc02,chepaiguo12,1 ,0 ,0 ,0
310230199112141266,54810035,3170,guo ,chepaiguo13,1 ,0 ,0 ,0
310230198404121254,55031295,1709,fe08,chepaiguo14,1 ,0 ,0 ,0
320625197008096921,54997442,6185,mc01,chepaiguo15,1 ,0 ,0 ,0
310230197911300893,54906542,1779,rd03,chepaiguo16,1 ,0 ,0 ,0
310113198101192723,55038269,2789,fe01,chepaiguo17,1 ,0 ,0 ,0
310230199310171255,55087101,4861,dc05,chepaiguo18,1 ,0 ,0 ,0
000000000000000002,54934238,3502,fe11,chepaiguo19,1 ,0 ,0 ,0
310115199406117828,55062456,8020,dc09,chepaiguo20,1 ,0 ,0 ,0
362204198306081023,54974589,1601,rd05,chepaiguo21,1 ,0 ,0 ,0
310115198911162270,55061867,9650,dc06,chepaiguo22,1 ,0 ,0 ,0
340322197406252510,55088888,1626,fe15,chepaiguo23,1 ,0 ,0 ,0
310109196601303238,54975619,1804,fe16,chepaiguo24,1 ,0 ,0 ,0
310104198309150067,54864862,1503,fe06,chepaiguo25,1 ,0 ,0 ,0
000000000000000003,00000003,0003,dc08,chepaiguo26,1 ,0 ,0 ,0
510603000000006658,55041669,2058,dc04,chepaiguo27,1 ,0 ,0 ,0
310102195604040112,55078387,1176,mc03,chepaiguo28,1 ,0 ,0 ,0
330621198911293818,00000001,0001,rd06,chepaiguo29,1 ,0 ,0 ,0
000000000000000004,00000004,0004,rd09,chepaiguo30,1 ,0 ,0 ,0
310230197912310866,54972526,1955,rd09,chepaiguo31,1 ,0 ,0 ,0