310113197611212726,55127422,8470,rd05,chepaiguo1 ,1 ,0 ,1 ,1
321085197910063301,55240707,0231,dc03,chepaiguo2 ,1 ,0 ,0 ,0
310230198404121254,55031295,1709,fe01,chepaiguo3 ,3 ,0 ,0 ,0
310230199812020852,55146942,2067,rd03,chepaiguo4 ,4 ,0 ,0 ,0
310230197603292713,55295998,8970,rd04,chepaiguo5 ,3 ,0 ,1 ,1
320681197702254011,55173408,6931,mc16,chepaiguo6 ,2 ,0 ,0 ,0
310102195604040112,55078387,1176,mc10,chepaiguo7 ,3 ,0 ,0 ,0
330621198911293818,55196635,1340,dc06,chepaiguo8 ,1 ,0 ,0 ,0
310113198101192723,55038269,2789,fe07,chepaiguo9 ,6 ,0 ,1 ,3
310230199310171255,55265898,8356,fe09,chepaiguo10,6 ,0 ,0 ,0
000000000000000002,55259492,3779,dc08,chepaiguo11,4 ,0 ,0 ,0
510603000000006658,55041669,2058,pi01,chepaiguo12,2 ,0 ,1 ,1
310113197910123221,55127051,1596,ap03,chepaiguo13,5 ,0 ,0 ,0
310113197805212716,55165032,1310,ap06,chepaiguo14,5 ,0 ,0 ,0
310104198309150067,55207533,0351,mc09,chepaiguo15,6 ,0 ,0 ,0
310229197510260223,55198586,1379,fe04,chepaiguo16,2 ,0 ,0 ,0
362301199308200015,55207268,1046,fe03,chepaiguo17,4 ,0 ,0 ,0
310113197502062116,55219090,1881,ap07,chepaiguo18,7 ,0 ,0 ,0
330283198408240038,55048796,7436,mc01,chepaiguo19,6 ,0 ,1 ,3
342401197709200019,55217303,5535,dc10,chepaiguo20,7 ,0 ,0 ,0
310113198201261415,55148059,6800,rd06,chepaiguo21,1 ,0 ,0 ,0
310230198803080867,55227741,6212,dc02-fe11-rd08,chepaiguo22,4 ,0 ,1 ,3