433101198408111013,55017045,1777,ap02,chepaiguo1 ,1 ,0 ,0 ,0
310230198404121254,55031295,1709,fe12,chepaiguo2 ,2 ,0 ,1 ,1
310109196601303238,54975619,1804,fe08,chepaiguo3 ,8 ,10,3 ,0
362204198306081023,54974589,1601,fe15,chepaiguo4 ,10,5 ,2 ,2
310230199006044155,54934828,4637,qc01,chepaiguo5 ,5 ,0 ,1 ,3
310222197503031612,54951396,1707,fe11,chepaiguo6 ,10,5 ,2 ,0
310230198803080867,54986113,6521,dc09,chepaiguo7 ,1 ,0 ,0 ,0
512534196804210063,54955645,1942,pi01,chepaiguo8 ,1 ,0 ,0 ,0
211323197901221322,55146889,7036,fe04,chepaiguo9 ,1 ,0 ,0 ,0
310113197611212726,55127422,8470,fe07,chepaiguo10,1 ,0 ,0 ,0
310115198911162270,55061867,9650,rd04,chepaiguo11,1 ,0 ,0 ,0
310230199112141266,54810035,3170,mc10,chepaiguo12,1 ,0 ,0 ,0
320625197008096921,54997442,6185,dc05,chepaiguo13,1 ,0 ,0 ,0
31011019821208518X,55002539,2092,mc03,chepaiguo14,1 ,0 ,0 ,0
310102198609231245,54850143,1520,dc03,chepaiguo15,1 ,0 ,0 ,0
310230197911300893,54906542,1779,dc02,chepaiguo16,1 ,0 ,0 ,0
310113198101192723,55038269,2789,dc08,chepaiguo17,1 ,0 ,0 ,0
310230199310171255,55087101,4861,dc10,chepaiguo18,1 ,0 ,0 ,0
000000000000000002,54934238,3502,dc06,chepaiguo19,1 ,0 ,0 ,0
310115199406117828,55062456,8020,rd03,chepaiguo20,1 ,0 ,0 ,0
310108199309050541,54925493,1262,fe03,chepaiguo21,1 ,0 ,0 ,0
340322197406252510,55088888,1626,mc01,chepaiguo22,1 ,0 ,0 ,0
310104198309150067,54864862,1503,ap03,chepaiguo23,1 ,0 ,0 ,0
510603000000006658,55041669,2058,pi03,chepaiguo24,1 ,0 ,0 ,0
310102195604040112,55078387,1176,mc08,chepaiguo25,1 ,0 ,0 ,0
330621198911293818,55196635,1340,rd08,chepaiguo26,1 ,0 ,0 ,0
310106199210192854,55066304,1312,fe01,chepaiguo27,1 ,0 ,0 ,0
310230198409295157,55056232,1124,fe06,chepaiguo28,1 ,0 ,0 ,0
310230197912310866,54972526,1955,qc02,chepaiguo29,1 ,0 ,0 ,0
310113197910123221,55127051,1596,rd06,chepaiguo30,1 ,0 ,0 ,0
310230197706290673,54901257,1815,rd05,chepaiguo31,1 ,0 ,0 ,0
310113198303313431,55081777,3196,mc09,chepaiguo32,1 ,0 ,0 ,0
330902198711275823,55034142,1141,fe09,chepaiguo33,1 ,0 ,0 ,0
31011319930703272X,55170117,2336,mc02,chepaiguo34,1 ,0 ,0 ,0
310105198308023249,54961386,3635,guo-pi02-dc04,chepaiguo35,1 ,0 ,0 ,0