433101198408111013,55017045,1777,guo ,chepaiguo1 ,1 ,0 ,0 ,0
310230199006044155,54934828,4637,fe12,chepaiguo2 ,1 ,0 ,0 ,0
310222197503031612,54951396,1707,fe08,chepaiguo3 ,1 ,0 ,0 ,0
310230198803080867,54986113,6521,fe15,chepaiguo4 ,1 ,0 ,0 ,0
310113197611212726,55127422,8470,ap02,chepaiguo5 ,1 ,0 ,0 ,0
320625197008096921,54997442,6185,fe11,chepaiguo6 ,1 ,0 ,0 ,0
31011019821208518X,55002539,2092,dc09,chepaiguo7 ,1 ,0 ,0 ,0
310113198303313431,55081777,3196,pi01,chepaiguo8 ,1 ,0 ,0 ,0
330902198711275823,55034142,1141,fe04,chepaiguo9 ,1 ,0 ,0 ,0
31011319930703272X,55170117,2336,fe07,chepaiguo10,1 ,0 ,0 ,0
310105198308023249,54961386,3635,rd04,chepaiguo11,1 ,0 ,0 ,0
310115199406117828,55062456,8020,mc10,chepaiguo12,1 ,0 ,0 ,0
362204198306081023,54974589,1601,dc05,chepaiguo13,1 ,0 ,0 ,0
310230198409295157,55056232,1124,mc03,chepaiguo14,1 ,0 ,0 ,0
211323197901221322,55146889,7036,dc03,chepaiguo15,1 ,0 ,0 ,0
350583199505010722,55155874,1091,dc02,chepaiguo16,1 ,0 ,0 ,0
310109196601303238,54975619,1804,dc08,chepaiguo17,1 ,0 ,0 ,0
310230197706290673,54901257,1815,dc10,chepaiguo18,1 ,0 ,0 ,0
310230198404121254,55031295,1709,dc06,chepaiguo19,1 ,0 ,0 ,0
310230199812020852,55146942,2067,rd03,chepaiguo20,1 ,0 ,0 ,0
320681197702254011,55173408,6931,fe03,chepaiguo21,1 ,0 ,0 ,0
340322197406252510,55088888,1626,mc01,chepaiguo22,1 ,0 ,0 ,0
310102195604040112,55078387,1176,ap03,chepaiguo23,1 ,0 ,0 ,0
330621198911293818,55196635,1340,pi03,chepaiguo24,1 ,0 ,0 ,0
310106199210192854,55066304,1312,mc08,chepaiguo25,1 ,0 ,0 ,0
310230197911300893,54906542,1779,rd08,chepaiguo26,1 ,0 ,0 ,0
310113198101192723,55038269,2789,fe01,chepaiguo27,1 ,0 ,0 ,0
310230199310171255,55087101,4861,fe06,chepaiguo28,1 ,0 ,0 ,0
000000000000000002,54934238,3502,qc02,chepaiguo29,1 ,0 ,0 ,0
510603000000006658,55041669,2058,rd06,chepaiguo30,1 ,0 ,0 ,0
310230197912310866,54972526,1955,rd05,chepaiguo31,1 ,0 ,0 ,0
310113197910123221,55127051,1596,mc09,chepaiguo32,1 ,0 ,0 ,0
310113197805212716,55165032,1310,fe09,chepaiguo33,1 ,0 ,0 ,0