433101198408111013,55017045,1777,rd06,chepaiguo1 ,8 ,1 ,2 ,0
310113197611212726,55127422,8470,pi01,chepaiguo2 ,7 ,0 ,0 ,0
320625197008096921,54997442,6185,fe04,chepaiguo3 ,3 ,0 ,1 ,3
321085197910063301,55240707,0231,dc02,chepaiguo4 ,1 ,0 ,0 ,0
31011319930703272X,55170117,2336,mc09,chepaiguo5 ,8 ,0 ,0 ,0
362204198306081023,54974589,1601,fe07,chepaiguo6 ,4 ,0 ,0 ,0
350583199505010722,55155874,1091,mc03,chepaiguo7 ,8 ,0 ,0 ,0
310230198404121254,55031295,1709,mc02,chepaiguo8 ,7 ,0 ,0 ,0
310230199812020852,55146942,2067,rd08,chepaiguo9 ,2 ,0 ,0 ,0
320681197702254011,55173408,6931,rd04,chepaiguo10,9 ,3 ,2 ,0
310230197603292713,55295998,8970,rd09,chepaiguo11,3 ,0 ,0 ,0
310102195604040112,55078387,1176,rd03,chepaiguo12,9 ,0 ,0 ,0
330621198911293818,55196635,1340,guo,chepaiguo13,1 ,0 ,1 ,1
310106199210192854,55066304,1312,fe09,chepaiguo14,7 ,4 ,2 ,0
310230197911300893,54906542,1779,dc05,chepaiguo15,2 ,0 ,0 ,0
310113198101192723,55038269,2789,ap05,chepaiguo16,7 ,0 ,0 ,0
310230199310171255,55087101,4861,fe01,chepaiguo17,8 ,0 ,0 ,0
000000000000000002,55259492,3779,ap03,chepaiguo18,9 ,0 ,0 ,0
510603000000006658,55041669,2058,fe11,chepaiguo19,2 ,0 ,1 ,1
310113197910123221,55127051,1596,ap06,chepaiguo20,10,0 ,0 ,0
310113197805212716,55165032,1310,ap07,chepaiguo21,4 ,0 ,1 ,3
310109196601303238,54975619,1804,mc01,chepaiguo22,7 ,0 ,0 ,0
310104198309150067,55207533,0351,dc10,chepaiguo23,5 ,10,3 ,0
310102198609231245,55219647,0437,fe12,chepaiguo24,8 ,0 ,0 ,0
310230198803080867,54986113,6521,dc03,chepaiguo25,9 ,2 ,2 ,0
310230197912310866,55298400,1493,fe03,chepaiguo26,6 ,11,3 ,0
330283198408240038,55048796,7436,rd05,chepaiguo27,3 ,0 ,0 ,0
342401197709200019,55217303,5535,dc04,chepaiguo28,10,0 ,0 ,0
310113198201261415,55148059,6800,ap04,chepaiguo29,11,0 ,0 ,0
310113197502062116,55219090,1881,mc07-fe06-qc02,chepaiguo30,11,0 ,0 ,0