31010819841214201X,54800402,1479,mc09,chepaiguo1 ,1 ,0 ,0
310109198209071531,54884110,1391,qc05,chepaiguo2 ,1 ,1 ,1
310115199406117828,55062456,8020,mc16,chepaiguo3 ,1 ,2 ,1
000000000000000001,54751394,1390,dc02,chepaiguo4 ,3 ,3 ,1
310108197304265819,54883637,1213,mc10,chepaiguo5 ,1 ,0 ,0
31011319930703272X,54796280,2841,fe07,chepaiguo6 ,7 ,0 ,0
433101198408111013,55017045,1777,pi03,chepaiguo7 ,8 ,0 ,0
310113198303313431,55081777,3196,fe15,chepaiguo8 ,1 ,0 ,0
31011019821208518X,55002539,2092,fe04,chepaiguo9 ,1 ,0 ,0
310113197005302713,54837126,2097,qc02,chepaiguo10,1 ,0 ,0
310108199309050541,54925493,1262,mc03,chepaiguo11,1 ,0 ,0
310113198305302728,54882448,1743,dc08,chepaiguo12,1 ,0 ,0
310113198103234827,55065633,9941,pi01,chepaiguo13,1 ,0 ,0
310230199006044155,54934828,4637,rd03,chepaiguo14,1 ,0 ,0
310222197503031612,54951396,1707,guo ,chepaiguo15,1 ,0 ,0
310230198803080867,54986113,6521,fe11,chepaiguo16,1 ,0 ,0
512534196804210063,54955645,1942,dc09,chepaiguo17,1 ,0 ,0
310113197611212726,54848402,1495,dc04,chepaiguo18,1 ,0 ,0
31010219790820164X,55026874,1393,fe09,chepaiguo19,1 ,0 ,0
310113199301192124,54616259,9243,qc01,chepaiguo20,1 ,0 ,0
320626197311261017,54740401,4228,dc05,chepaiguo21,1 ,0 ,0
310106199210192854,54704732,1731,fe01,chepaiguo22,1 ,0 ,0
310230199112141266,54810035,3170,rd08,chepaiguo23,1 ,0 ,0
310230196805201475,54971525,3781,dc03,chepaiguo24,1 ,0 ,0
320625197008096921,54997442,6185,rd05,chepaiguo25,1 ,0 ,0
310109199412141528,54878282,5743,rd06,chepaiguo26,1 ,0 ,0
310230197911300893,54906542,1779,dc07,chepaiguo27,1 ,0 ,0
340322197406252510,54672975,1722,mc01,chepaiguo28,1 ,0 ,0
000000000000000002,55087101,4861,fe08,chepaiguo29,1 ,0 ,0
310225198906080818,54757304,2141,rd09,chepaiguo30,1 ,0 ,0
362204198306081023,54974589,1601,rd04,chepaiguo31,1 ,0 ,0