310113197501302720,54496295,1643,guo,chepaiguo1,3,0
31011519901119196X,54636462,1008,fe15,chepaiguo2,5,1
310115198104196319,54341386,3547,mc09,chepaiguo3,2,0
310113198511022719,54283117,1162,qc02,chepaiguo4,4,1
310225198808291267,54437653,8651,rd03,chepaiguo5,5,0
310102198311254452,54413215,2292,fe16,chepaiguo6,5,1
310227198103274427,54249593,1847,rd05,chepaiguo7,6,0
310221196311226051,54226838,1350,fe04,chepaiguo8,3,1
420222197804300447,54414950,1078,mc01,chepaiguo9,3,1
310108198406230523,54527166,1147,mc03,chepaiguo10,5,3
310109198406041059,54667927,1921,rd06,chepaiguo11,4,2
310221195802254415,54526461,3075,fe01,chepaiguo12,9,1
310108198402072070,54469458,5628,qc05,chepaiguo13,2,2
310115198112276415,54305643,1469,rd04,chepaiguo14,9,3
310114198009020626,54381276,7593,mc02,chepaiguo15,6,2
310229199405203023,54273772,5413,fe03-mc08-pi01-mc10,chepaiguo16,3,3